       a     b     c     d     e     f     g     h     i     j     k     l     m     n     o     p     q     r     s     t     u     v     w     x     y     z

 a     0   407   951   549  3346   785   430  5333   381    16     7  1132  1893   459   153   829     0  1448   927  1043   160   162   949    51    32    11
 b   312    39     0     1    86     0     0    11    98     0     0     4   218    26   197     4     0    80    70     4   132     0     1     0     0     0
 c   863     0    85     2   618     0     0     2  1023     0     0    59     0   881   178     1     0   239   270   157   522     0     0    68     1     0
 d  1121     6    10   101  1809     0    14     1   905     0     0  1385     6  5125   806     0     0   850    36     1   213     0    10     0     5     0
 e   174  2188  1539  1832  2181   824   924 10068  1174   117  1256  2308  3484  2353   173   996     0  5551  3132  2756   516  3606  1636   156   479    67
 f   177     0     0     8   469   296     1    20   592     0     9   367    35   156  2214     2     0   103    22    12    66     0    16     0     5     0
 g   464     0     0    83   175     0    55     0   773     0     0    21     1  2557   101     0     0   213    29     1   535     0     0     0     0     0
 h    20     9  1685     1    84     0  1125     3     3     0     0     1     1    29     3   148     0    27  1751 12658     0     0  1319     0     1     0
 i  1409   172   270  1124   729   597   384  3966     4     0   328  1491   909   501   200   372     0  1629  1281  1614   236   583  2119   118    75    13
 j    28    23     0     5     6     0     0     0     0     0     0     0     0    34    20     0     0     7     0     0     0     0     0     0     0     0
 k   921     0   489     3    87     0     0     0   300     0     0    53     0   407   318     3     0   170    90     0    81     0     4     0     0     0
 l  2244   611   208   116  1975   193   152    23  1785     0    49  3621     4   117   983   512     0   276   172   353  1167     0    54     0     9     4
 m   984     4     0    33   823     0    28    16  1285     0     2    50   159    18  1983     1     0   289    81    12   323     6     0     0    42     0
 n  5687     0     1    60  3837     0    84    24  6236     0   485    10    58   230  3509     2     0   440    25    50  1290     0   396     0    10     0
 o     8   526  1623  1171   120  1875   800  2993   746    62    21  1850  1066  2911  1432   822     0  1782  1314  3176    45   137  1195     1  2744     3
 p   361     0     0     1   466     1     0     2   248     0     0    59   419    11   318   240     0   112   626     2   401     0     0    59    64     0
 q    14     0    27     0    59     0     0     2    14     0     0     0     0    42     4     0     0     0    11     0     0     0     0     0     0     0
 r  3831   552   277   306  6743   579   572   204  1379     0     3    19     1    20  4355   910     0   442     0  1129  2843     0   182     0    51     0
 s  2122    87    11   687  3946    11   186    73  4140     0   229   370   196   869   986   105     0  1298  1052   633  1792     0   188     0   279     0
 t  4605    38   413     3  1747   271    31   758  3497     0     0   284     3  2394  2276   232     0  1520  3694   533  1773     0     7   113    23     0
 u   415   764   234   178   205   279   224   317   160   100     0   198   399   129  7155   246   350   559   715   531     0     8     0     2     0     1
 v  1390     0     2    41   640     0     0     0   742     0     0   118     3    75   864     0     0   228     0     0     1     0     0     0     0     0
 w   270     0     0    22   308     0     0     4     1     0     4     7     0    24  2035     1     0    22   383   214     0     0     0     0     6     0
 x    14     0     0     0   290     0     0     0    49     0     0     0     0     0    15     0     0     0     0     4     3     0     0     6     0     0
 y  1324   405    64   184   734    17    62   921     0     0    14   770  1564   419   128    56     0   620    44   573    26    37     4     0     0     2
 z    40     0     0     0     4     0     0     0    47     0     0     0     0     3    18     0     0     0     0     1     2     0     0     0     1     5
